1234512345123451234533333333333333333333444444412345123451234512345333333333333333333334444444
2234512345123451234533333333333333333333444444412345123451234512345333333333333333333334444444
3234512345123451234533333333333333333333444444412345123451234512345333333333333333333334444444
4234512345123451234533333333333333333333444444412345123451234512345333333333333333333334444444
5234512345123451234533333333333333333333444444412345123451234512345333333333333333333334444444
6234512345123451234533333333333333333333444444412345123451234512345333333333333333333334444444
7234512345123451234533333333333333333333444444412345123451234512345333333333333333333334444444
8234512345123451234533333333333333333333444444412345123451234512345333333333333333333334444444
9234512345123451234533333333333333333333444444412345123451234512345333333333333333333334444444
1000512345123451234533333333333333333333444444412345123451234512345333333333333333333334444444
1234512345123451234533333333333333333333444444412345123451234512345333333333333333333334444444
2234512345123451234533333333333333333333444444412345123451234512345333333333333333333334444444
3234512345123451234533333333333333333333444444412345123451234512345333333333333333333334444444
4234512345123451234533333333333333333333444444412345123451234512345333333333333333333334444444
5234512345123451234533333333333333333333444444412345123451234512345333333333333333333334444444
6234512345123451234533333333333333333333444444412345123451234512345333333333333333333334444444
7234512345123451234533333333333333333333444444412345123451234512345333333333333333333334444444
8234512345123451234533333333333333333333444444412345123451234512345333333333333333333334444444
9234512345123451234533333333333333333333444444412345123451234512345333333333333333333334444444
1000512345123451234533333333333333333333444444412345123451234512345333333333333333333334444444